9.600000000000000000e+01
1.600000000000000000e+01
0.000000000000000000e+00
1.000000000000000000e+01
3.457058966159820557e-02
-9.524475783109664917e-03
-1.859731972217559814e-02
3.608091175556182861e-01
-6.269114464521408081e-02
-2.977319434285163879e-02
-3.592215180397033691e-01
2.849016152322292328e-02
-1.738418079912662506e-02
3.502860665321350098e-01
-1.441046595573425293e-02
-1.033292412757873535e-01
5.313948988914489746e-01
2.886398136615753174e-01
-7.160558551549911499e-02
1.159239932894706726e-02
-3.360993787646293640e-02
-1.627199947834014893e-01
3.939145803451538086e-02
2.667803876101970673e-02
-1.929513178765773773e-03
8.341583609580993652e-02
-7.589916884899139404e-02
4.261913299560546875e-01
6.914781332015991211e-01
-7.816331088542938232e-02
-1.719267666339874268e-02
5.015724524855613708e-02
2.619483694434165955e-02
-4.895034432411193848e-02
7.920765131711959839e-02
9.543694555759429932e-02
-6.431926041841506958e-02
-1.651238836348056793e-02
-3.036140203475952148e-01
-1.295691430568695068e-01
-8.940147235989570618e-04
-6.241470947861671448e-02
-6.062153726816177368e-02
3.627174347639083862e-02
4.780080541968345642e-02
7.502076774835586548e-02
-2.285932451486587524e-01
1.569088995456695557e-01
-7.068103551864624023e-02
1.106775775551795959e-01
-1.130672171711921692e-01
1.370130479335784912e-01
3.404227197170257568e-01
4.590551555156707764e-01
6.761804968118667603e-02
9.566943347454071045e-02
3.229801356792449951e-01
-9.435956180095672607e-02
1.007006540894508362e-01
3.415944427251815796e-02
4.580146372318267822e-01
-2.339298427104949951e-01
7.038611918687820435e-02
-2.281634509563446045e-02
-2.866161987185478210e-02
5.883282423019409180e-02
-4.281411468982696533e-01
7.017756253480911255e-02
